2.7203e-13
6.778e-13
1.2821e-12
2.1802e-12
3.5116e-12
5.4798e-12
8.3809e-12
1.2644e-11
1.889e-11
2.801e-11
4.1286e-11
6.0549e-11
8.8409e-11
1.2857e-10
1.8629e-10
2.6895e-10
3.8697e-10
5.5492e-10
7.9313e-10
1.1299e-09
1.6045e-09
2.2711e-09
3.2044e-09
4.5068e-09
6.3185e-09
8.8302e-09
1.2301e-08
1.7082e-08
2.3647e-08
3.263e-08
4.4883e-08
6.1543e-08
8.412e-08
1.1462e-07
1.5568e-07
2.1078e-07
2.8449e-07
3.8276e-07
5.1336e-07
6.8636e-07
9.1477e-07
1.2154e-06
1.6097e-06
2.1252e-06
2.7971e-06
3.6698e-06
4.7997e-06
6.258e-06
8.1337e-06
1.0539e-05
1.3612e-05
1.7527e-05
2.2498e-05
2.8789e-05
3.6724e-05
4.6701e-05
5.9203e-05
7.4821e-05
9.4265e-05
0.0001184
0.00014824
0.00018504
0.00023027
0.00028566
0.00035329
0.00043559
0.00053541
0.00065609
0.00080152
0.0009762
0.0011853
0.0014349
0.0017317
0.0020835
0.0024993
0.0029889
0.0035637
0.0042363
0.0050207
0.0059325
0.0069889
0.0082089
0.0096132
0.011224
0.013067
0.015166
0.017552
0.020253
0.023301
0.02673
0.030575
0.034871
0.039655
0.044967
0.050845
0.057326
0.06445
0.072255
0.080777
0.090052
0.10011
0.11099
0.1227
0.13529
0.14875
0.16312
0.17839
0.19457
0.21166
0.22964
0.2485
0.26821
0.28875
0.31007
0.33213
0.35487
0.37823
0.40215
0.42656
0.45137
0.4765
0.50187
0.52739
0.55295
0.57848
0.60387
0.62903
0.65386
0.67828
0.70218
0.7255
0.74815
0.77005
0.79114
0.81135
0.83064
0.84894
0.86622
0.88245
0.8976
0.91167
0.92462
0.93648
0.94723
0.9569
0.9655
0.97305
0.97958
0.98513
0.98972
0.99342
0.99624
0.99825
0.99949
1
0.99983
0.99904
0.99766
0.99575
0.99336
0.99051
0.98727
0.98366
0.97974
0.97552
0.97106
0.96637
0.96149
0.95645
0.95127
0.94598
0.94059
0.93512
0.92959
0.92402
0.91842
0.9128
0.90716
0.90153
0.89591
0.8903
0.88471
0.87915
0.87362
0.86812
0.86265
0.85723
0.85185
0.84651
0.84121
0.83596
0.83075
0.82559
0.82047
0.81541
0.81038
0.80541
0.80048
0.7956
0.79076
0.78597
0.78122
0.77652
0.77186
0.76725
0.76268
0.75815
0.75367
0.74923
0.74483
0.74047
0.73615
0.73187
0.72763
0.72343
0.71927
0.71515
0.71107
0.70702
0.70301
0.69904
0.6951
0.6912
0.68734
0.68351
0.67971
0.67595
0.67223
0.66853
0.66487
0.66124
0.65765
0.65409
0.65055
0.64705
0.64358
0.64014
0.63673
0.63335
0.63
0.62668
0.62339
0.62013
0.61689
0.61369
0.61051
0.60735
0.60423
0.60113
0.59806
0.59501
0.59199
0.58899
0.58602
0.58308
0.58016
0.57726
0.57439
0.57154
0.56871
0.56591
0.56313
0.56037
0.55764
0.55493
0.55224
0.54957
0.54692
0.5443
0.5417
0.53911
0.53655
0.53401
0.53149
0.52898
0.5265
0.52404
0.52159
0.51917
0.51676
0.51438
0.51201
0.50966
0.50732
0.50501
0.50271
0.50043
0.49817
0.49592
0.4937
0.49148
0.48929
0.48711
0.48495
0.4828
0.48067
0.47856
0.47646
0.47437
0.4723
0.47025
0.46821
0.46619
0.46418
0.46218
0.4602
0.45823
0.45628
0.45434
0.45242
0.4505
0.44861
0.44672
0.44485
0.44299
0.44114
0.43931
0.43749
0.43568
0.43388
0.4321
0.43033
0.42857
0.42682
0.42508
0.42336
0.42164
0.41994
0.41825
0.41657
0.4149
0.41324
0.4116
0.40996
0.40834
0.40672
0.40512
0.40352
0.40194
0.40036
0.3988
0.39724
0.3957
0.39416
0.39264
0.39112
0.38962
0.38812
0.38663
0.38515
0.38368
0.38222
0.38077
0.37933
0.37789
0.37647
0.37505
0.37364
0.37224
0.37085
0.36947
0.36809
0.36672
0.36536
0.36401
0.36267
0.36133
0.36
0.35868
0.35737
0.35606
0.35476
0.35347
0.35219
0.35091
0.34964
0.34838
0.34713
0.34588
0.34464
0.3434
0.34217
0.34095
0.33974
0.33853
0.33733
0.33613
0.33495
0.33376
0.33259
0.33142
0.33026
0.3291
0.32795
0.3268
0.32566
0.32453
0.3234
0.32228
0.32117
0.32006
0.31895
0.31785
0.31676
0.31567
0.31459
0.31351
0.31244
0.31138
0.31032
0.30926
0.30821
0.30717
0.30613
0.30509
0.30406
0.30304
0.30202
0.30101
0.3
0.29899
0.29799
0.297
0.29601
0.29502
0.29404
0.29306
0.29209
0.29112
0.29016
0.2892
0.28825
0.2873
0.28635
0.28541
0.28448
0.28355
0.28262
0.28169
0.28077
0.27986
0.27895
0.27804
0.27714
0.27624
0.27534
0.27445
0.27357
0.27268
0.2718
0.27093
0.27006
0.26919
0.26832
0.26746
0.26661
0.26575
0.2649
0.26406
0.26322
0.26238
0.26154
0.26071
0.25988
0.25906
0.25824
0.25742
0.25661
0.2558
0.25499
0.25419
0.25338
0.25259
0.25179
0.251
0.25022
0.24943
0.24865
0.24787
0.2471
0.24632
0.24556
0.24479
0.24403
0.24327
0.24251
0.24176
0.24101
0.24026
0.23952
0.23877
0.23804
0.2373
0.23657
0.23584
0.23511
0.23439
0.23366
0.23294
0.23223
0.23152
0.2308
0.2301
0.22939
0.22869
0.22799
0.22729
0.2266
0.22591
0.22522
0.22453
0.22385
0.22316
0.22248
0.22181
0.22113
0.22046
0.21979
0.21913
0.21846
0.2178
0.21714
0.21648
0.21583
0.21518
0.21453
0.21388
0.21324
0.21259
0.21195
0.21132
0.21068
0.21005
0.20941
0.20879
0.20816
0.20753
0.20691
0.20629
0.20567
0.20506
0.20445
0.20383
0.20322
0.20262
0.20201
0.20141
0.20081
0.20021
0.19961
0.19902
0.19843
0.19784
0.19725
0.19666
0.19608
0.1955
0.19491
0.19434
0.19376
0.19319
0.19261
0.19204
0.19147
0.19091
0.19034
0.18978
0.18922
0.18866
0.1881
0.18755
0.18699
0.18644
0.18589
0.18535
0.1848
0.18426
0.18371
0.18317
0.18263
0.1821
0.18156
0.18103
0.1805
0.17997
0.17944
0.17891
0.17839
0.17786
0.17734
0.17682
0.17631
0.17579
0.17528
0.17476
0.17425
0.17374
0.17323
0.17273
0.17222
0.17172
0.17122
0.17072
0.17022
0.16972
0.16923
0.16874
0.16824
0.16775
0.16727
0.16678
0.16629
0.16581
0.16533
0.16485
0.16437
0.16389
0.16341
0.16294
0.16247
0.16199
0.16152
0.16105
0.16059
0.16012
0.15966
0.15919
0.15873
0.15827
0.15781
0.15736
0.1569
0.15645
0.15599
0.15554
0.15509
0.15464
0.1542
0.15375
0.15331
0.15286
0.15242
0.15198
0.15154
0.1511
0.15067
0.15023
0.1498
0.14937
0.14894
0.14851
0.14808
0.14765
0.14723
0.1468
0.14638
0.14596
0.14554
0.14512
0.1447
0.14428
0.14387
0.14345
0.14304
0.14263
0.14222
0.14181
0.1414
0.14099
0.14059
0.14019
0.13978
0.13938
0.13898
0.13858
0.13818
0.13779
0.13739
0.137
0.1366
0.13621
0.13582
0.13543
0.13504
0.13465
0.13427
0.13388
0.1335
0.13312
0.13273
0.13235
0.13197
0.1316
0.13122
0.13084
0.13047
0.1301
0.12972
0.12935
0.12898
0.12861
0.12824
0.12788
0.12751
0.12715
0.12678
0.12642
0.12606
0.1257
0.12534
0.12498
0.12462
0.12427
0.12391
0.12356
0.1232
0.12285
0.1225
0.12215
0.1218
0.12145
0.12111
0.12076
0.12042
0.12007
0.11973
0.11939
0.11905
0.11871
0.11837
0.11803
0.11769
0.11736
0.11702
0.11669
0.11636
0.11602
0.11569
0.11536
0.11503
0.11471
0.11438
0.11405
0.11373
0.1134
0.11308
0.11276
0.11244
0.11212
0.1118
0.11148
0.11116
0.11084
0.11053
0.11021
0.1099
0.10959
0.10928
0.10896
0.10865
0.10834
0.10804
0.10773
0.10742
0.10712
0.10681
0.10651
0.1062
0.1059
0.1056
0.1053
0.105
0.1047
0.1044
0.10411
0.10381
0.10352
0.10322
0.10293
0.10263
0.10234
0.10205
0.10176
0.10147
0.10118
0.1009
0.10061
0.10032
0.10004
0.099754
0.09947
0.099188
0.098906
0.098625
0.098344
0.098065
0.097786
0.097508
0.097231
0.096955
0.09668
0.096405
0.096131
0.095858
0.095586
0.095314
0.095044
0.094774
0.094505
0.094236
0.093969
0.093702
0.093436
0.09317
0.092906
0.092642
0.092379
0.092117
0.091855
0.091595
0.091335
0.091075
0.090817
0.090559
0.090302
0.090046
0.08979
0.089535
0.089281
0.089028
0.088775
0.088523
0.088272
0.088022
0.087772
0.087523
0.087275
0.087027
0.08678
0.086534
0.086289
0.086044
0.0858
0.085556
0.085314
0.085072
0.084831
0.08459
0.08435
0.084111
0.083872
0.083634
0.083397
0.083161
0.082925
0.08269
0.082455
0.082222
0.081989
0.081756
0.081524
0.081293
0.081063
0.080833
0.080604
0.080375
0.080147
0.07992
0.079694
0.079468
0.079242
0.079018
0.078794
0.078571
0.078348
0.078126
0.077904
0.077684
0.077464
0.077244
0.077025
0.076807
0.076589
0.076372
0.076156
0.07594
0.075725
0.07551
0.075296
0.075083
0.07487
0.074658
0.074447
0.074236
0.074025
0.073816
0.073606
0.073398
0.07319
0.072983
0.072776
0.07257
0.072364
0.072159
0.071955
0.071751
0.071548
0.071345
0.071143
0.070941
0.070741
0.07054
0.07034
0.070141
0.069943
0.069744
0.069547
0.06935
0.069154
0.068958
0.068762
0.068568
0.068374
0.06818
0.067987
0.067794
0.067602
0.067411
0.06722
0.06703
0.06684
0.066651
0.066462
0.066274
0.066086
0.065899
0.065712
0.065526
0.065341
0.065156
0.064971
0.064787
0.064604
0.064421
0.064239
0.064057
0.063875
0.063695
0.063514
0.063335
0.063155
0.062976
0.062798
0.06262
0.062443
0.062266
0.06209
0.061914
0.061739
0.061564
0.06139
0.061216
0.061043
0.06087
0.060698
0.060526
0.060355
0.060184
0.060014
0.059844
0.059674
0.059505
0.059337
0.059169
0.059002
0.058835
0.058668
0.058502
0.058336
0.058171
0.058007
0.057843
0.057679
0.057516
0.057353
0.057191
0.057029
0.056867
0.056706
0.056546
0.056386
0.056226
0.056067
0.055909
0.05575
0.055593
0.055435
0.055278
0.055122
0.054966
0.05481
0.054655
0.054501
0.054346
0.054193
0.054039
0.053886
0.053734
0.053582
0.05343
0.053279
0.053128
0.052978
0.052828
0.052679
0.052529
0.052381
0.052233
0.052085
0.051937
0.051791
0.051644
0.051498
0.051352
0.051207
0.051062
0.050917
0.050773
0.05063
0.050487
0.050344
0.050201
0.050059
0.049918
0.049776
0.049636
0.049495
0.049355
0.049215
0.049076
0.048937
0.048799
0.048661
0.048523
0.048386
0.048249
0.048112
0.047976
0.047841
0.047705
0.04757
0.047436
0.047302
0.047168
0.047034
0.046901
0.046769
0.046636
0.046504
0.046373
0.046242
0.046111
0.04598
0.04585
0.04572
0.045591
0.045462
0.045334
0.045205
0.045077
0.04495
0.044823
0.044696
0.04457
0.044443
0.044318
0.044192
0.044067
0.043943
0.043818
0.043694
0.043571
0.043448
0.043325
0.043202
0.04308
0.042958
0.042837
0.042715
0.042595
0.042474
0.042354
0.042234
0.042115
0.041995
0.041877
0.041758
0.04164
0.041522
0.041405
0.041288
0.041171
0.041054
0.040938
0.040823
0.040707
0.040592
0.040477
0.040363
0.040248
0.040135
0.040021
0.039908
0.039795
0.039682
0.03957
0.039458
0.039347
0.039235
0.039124
0.039014
0.038903
0.038793
0.038684
0.038574
0.038465
0.038356
0.038248
0.03814
0.038032
0.037924
0.037817
0.03771
0.037603
0.037497
0.037391
0.037285
0.03718
0.037074
0.03697
0.036865
0.036761
0.036657
0.036553
0.03645
0.036347
0.036244
0.036141
0.036039
0.035937
0.035836
0.035734
0.035633
0.035532
0.035432
0.035332
0.035232
0.035132
0.035033
0.034934
0.034835
0.034736
0.034638
0.03454
0.034442
0.034345
0.034248
0.034151
0.034054
0.033958
0.033862
0.033766
0.033671
0.033575
0.03348
0.033386
0.033291
0.033197
0.033103
0.03301
0.032916
0.032823
0.03273
0.032638
0.032546
0.032453
0.032362
0.03227
0.032179
0.032088
0.031997
0.031907
0.031816
0.031726
0.031637
0.031547
0.031458
0.031369
0.03128
0.031192
0.031104
0.031016
0.030928
0.03084
0.030753
0.030666
0.030579
0.030493
0.030407
0.030321
0.030235
0.03015
0.030064
0.029979
0.029894
0.02981
0.029726
0.029641
0.029558
0.029474
0.029391
0.029308
0.029225
0.029142
0.02906
0.028977
0.028895
0.028814
0.028732
0.028651
0.02857
0.028489
0.028409
0.028328
0.028248
0.028168
0.028089
0.028009
0.02793
0.027851
0.027772
0.027694
0.027615
0.027537
0.027459
0.027382
0.027304
0.027227
0.02715
0.027073
0.026997
0.02692
0.026844
0.026768
0.026693
0.026617
0.026542
0.026467
0.026392
0.026317
0.026243
0.026169
0.026095
0.026021
0.025947
0.025874
0.025801
0.025728
0.025655
0.025582
0.02551
0.025438
0.025366
0.025294
0.025223
0.025151
0.02508
0.025009
0.024939
0.024868
0.024798
0.024728
0.024658
0.024588
0.024518
0.024449
0.02438
0.024311
0.024242
0.024174
0.024105
0.024037
0.023969
0.023901
0.023834
0.023766
0.023699
0.023632
0.023565
0.023499
0.023432
0.023366
0.0233
0.023234
0.023168
0.023103
0.023037
0.022972
0.022907
0.022842
0.022778
0.022713
0.022649
0.022585
0.022521
0.022458
0.022394
0.022331
0.022268
0.022205
0.022142
0.022079
0.022017
0.021954
0.021892
0.02183
0.021769
0.021707
0.021646
0.021585
0.021523
0.021463
0.021402
0.021341
0.021281
0.021221
0.021161
0.021101
0.021041
0.020982
0.020922
0.020863
0.020804
0.020745
0.020687
0.020628
0.02057
0.020512
0.020454
0.020396
0.020338
0.020281
0.020223
0.020166
0.020109
0.020052
0.019996
0.019939
0.019883
0.019826
0.01977
0.019714
0.019659
0.019603
0.019548
0.019492
0.019437
0.019382
0.019327
0.019273
0.019218
0.019164
0.01911
0.019056
0.019002
0.018948
0.018894
0.018841
0.018788
0.018735
0.018682
0.018629
0.018576
0.018524
0.018471
0.018419
0.018367
0.018315
0.018263
0.018212
0.01816
0.018109
0.018057
0.018006
0.017955
0.017905
0.017854
0.017804
0.017753
0.017703
0.017653
0.017603
0.017553
0.017504
0.017454
0.017405
0.017355
0.017306
0.017257
0.017209
0.01716
0.017111
0.017063
0.017015
0.016967
0.016919
0.016871
0.016823
0.016776
0.016728
0.016681
0.016634
0.016587
0.01654
0.016493
0.016446
0.0164
0.016353
0.016307
0.016261
0.016215
0.016169
0.016123
0.016078
0.016032
0.015987
0.015942
0.015897
0.015852
0.015807
0.015762
0.015718
0.015673
0.015629
0.015585
0.015541
0.015497
0.015453
0.015409
0.015366
0.015322
0.015279
0.015236
0.015193
0.01515
0.015107
0.015064
0.015021
0.014979
0.014937
0.014894
0.014852
0.01481
0.014768
0.014727
0.014685
0.014643
0.014602
0.014561
0.014519
0.014478
0.014437
0.014397
0.014356
0.014315
0.014275
0.014234
0.014194
0.014154
0.014114
0.014074
0.014034
0.013995
0.013955
0.013916
0.013876
0.013837
0.013798
0.013759
0.01372
0.013681
0.013642
0.013604
0.013565
0.013527
0.013489
0.013451
0.013413
0.013375
0.013337
0.013299
0.013262
0.013224
0.013187
0.013149
0.013112
0.013075
0.013038
0.013001
0.012964
0.012928
0.012891
0.012855
0.012818
0.012782
0.012746
0.01271
0.012674
0.012638
0.012602
0.012567
0.012531
0.012496
0.01246
0.012425
0.01239
0.012355
0.01232
0.012285
0.012251
0.012216
0.012181
0.012147
0.012113
0.012078
0.012044
0.01201
0.011976
0.011942
0.011908
0.011875
0.011841
0.011808
0.011774
0.011741
0.011708
0.011675
0.011642
0.011609
0.011576
0.011543
0.011511
0.011478
0.011446
0.011413
0.011381
0.011349
0.011317
0.011285
0.011253
0.011221
0.011189
0.011158
0.011126
0.011095
0.011063
0.011032
0.011001
0.01097
0.010939
0.010908
0.010877
0.010846
0.010815
0.010785
0.010754
0.010724
0.010693
0.010663
0.010633
0.010603
0.010573
0.010543
0.010513
0.010484
0.010454
0.010424
0.010395
0.010365
0.010336
0.010307
0.010278
0.010249
0.01022
0.010191
0.010162
0.010133
0.010105
0.010076
0.010048
0.010019
0.0099908
0.0099626
0.0099344
0.0099063
0.0098783
0.0098503
0.0098225
0.0097947
0.009767
0.0097394
0.0097118
0.0096844
0.009657
0.0096297
0.0096025
0.0095753
0.0095482
0.0095212
0.0094943
0.0094674
0.0094407
0.009414
0.0093873
0.0093608
0.0093343
0.0093079
0.0092816
0.0092554
0.0092292
0.0092031
0.0091771
0.0091511
0.0091252
0.0090994
0.0090737
0.009048
0.0090224
0.0089969
0.0089715
0.0089461
0.0089208
0.0088956
0.0088704
0.0088453
0.0088203
0.0087954
0.0087705
0.0087457
0.008721
0.0086963
0.0086717
0.0086472
0.0086227
0.0085984
0.008574
0.0085498
0.0085256
0.0085015
0.0084775
0.0084535
0.0084296
0.0084057
0.008382
0.0083583
0.0083346
0.0083111
0.0082875
0.0082641
0.0082407
0.0082174
0.0081942
0.008171
0.0081479
0.0081249
0.0081019
0.008079
0.0080561
0.0080334
0.0080106
0.007988
0.0079654
0.0079429
0.0079204
0.007898
0.0078757
0.0078534
0.0078312
0.007809
0.007787
0.0077649
0.007743
0.0077211
0.0076992
0.0076775
0.0076558
0.0076341
0.0076125
0.007591
0.0075695
0.0075481
0.0075268
0.0075055
0.0074843
0.0074631
0.007442
0.0074209
0.0074
0.007379
0.0073582
0.0073374
0.0073166
0.0072959
0.0072753
0.0072547
0.0072342
0.0072137
0.0071933
0.007173
0.0071527
0.0071325
0.0071123
0.0070922
0.0070721
0.0070521
0.0070322
0.0070123
0.0069925
0.0069727
0.006953
0.0069333
0.0069137
0.0068942
0.0068747
0.0068552
0.0068358
0.0068165
0.0067972
0.006778
0.0067588
0.0067397
0.0067207
0.0067017
0.0066827
0.0066638
0.006645
0.0066262
0.0066074
0.0065887
0.0065701
0.0065515
0.006533
0.0065145
0.0064961
0.0064777
0.0064594
0.0064411
0.0064229
0.0064048
0.0063867
0.0063686
0.0063506
0.0063326
0.0063147
0.0062969
0.006279
0.0062613
0.0062436
0.0062259
0.0062083
0.0061908
0.0061733
0.0061558
0.0061384
0.006121
0.0061037
0.0060865
0.0060692
0.0060521
0.006035
0.0060179
0.0060009
0.0059839
0.005967
0.0059501
0.0059333
0.0059165
0.0058998
0.0058831
0.0058665
0.0058499
0.0058333
0.0058168
0.0058004
0.005784
0.0057676
0.0057513
0.005735
0.0057188
0.0057026
0.0056865
0.0056704
0.0056544
0.0056384
0.0056225
0.0056066
0.0055907
0.0055749
0.0055591
0.0055434
0.0055277
0.0055121
0.0054965
0.005481
0.0054655
0.00545
0.0054346
0.0054192
0.0054039
0.0053886
0.0053734
0.0053582
0.005343
0.0053279
0.0053129
0.0052978
0.0052829
0.0052679
0.005253
0.0052382
0.0052233
0.0052086
0.0051938
0.0051792
0.0051645
0.0051499
0.0051353
0.0051208
0.0051063
0.0050919
0.0050775
0.0050631
0.0050488
0.0050345
0.0050203
0.0050061
0.0049919
0.0049778
0.0049638
0.0049497
0.0049357
0.0049218
0.0049078
0.004894
0.0048801
0.0048663
0.0048526
0.0048388
0.0048252
0.0048115
0.0047979
0.0047843
0.0047708
0.0047573
0.0047439
0.0047304
0.0047171
0.0047037
0.0046904
0.0046772
0.0046639
0.0046507
0.0046376
0.0046245
0.0046114
0.0045984
0.0045853
0.0045724
0.0045595
0.0045466
0.0045337
0.0045209
0.0045081
0.0044953
0.0044826
0.00447
0.0044573
0.0044447
0.0044321
0.0044196
0.0044071
0.0043946
0.0043822
0.0043698
0.0043575
0.0043451
0.0043329
0.0043206
0.0043084
0.0042962
0.004284
0.0042719
0.0042599
0.0042478
0.0042358
0.0042238
0.0042119
0.0042
0.0041881
0.0041762
0.0041644
0.0041526
0.0041409
0.0041292
0.0041175
0.0041059
0.0040943
0.0040827
0.0040711
0.0040596
0.0040481
0.0040367
0.0040253
0.0040139
0.0040025
0.0039912
0.0039799
0.0039687
0.0039575
0.0039463
0.0039351
0.003924
0.0039129
0.0039018
0.0038908
0.0038798
0.0038688
0.0038579
0.003847
0.0038361
0.0038252
0.0038144
0.0038036
0.0037929
0.0037821
0.0037714
0.0037608
0.0037501
0.0037395
0.003729
0.0037184
0.0037079
0.0036974
0.003687
0.0036765
0.0036661
0.0036558
0.0036454
0.0036351
0.0036248
0.0036146
0.0036044
0.0035942
0.003584
0.0035739
0.0035638
0.0035537
0.0035436
0.0035336
0.0035236
0.0035137
0.0035037
0.0034938
0.0034839
0.0034741
0.0034643
0.0034545
0.0034447
0.0034349
0.0034252
0.0034155
0.0034059
0.0033963
0.0033867
0.0033771
0.0033675
0.003358
0.0033485
0.003339
0.0033296
0.0033202
0.0033108
0.0033014
0.0032921
0.0032828
0.0032735
0.0032642
0.003255
0.0032458
0.0032366
0.0032275
0.0032183
0.0032092
0.0032002
0.0031911
0.0031821
0.0031731
0.0031641
0.0031552
0.0031462
0.0031373
0.0031285
0.0031196
0.0031108
0.003102
0.0030932
0.0030845
0.0030758
0.0030671
0.0030584
0.0030497
0.0030411
0.0030325
0.0030239
0.0030154
0.0030069
0.0029984
0.0029899
0.0029814
0.002973
0.0029646
0.0029562
0.0029478
0.0029395
0.0029312
0.0029229
0.0029146
0.0029064
0.0028982
0.00289
0.0028818
0.0028737
0.0028655
0.0028574
0.0028493
0.0028413
0.0028333
0.0028252
0.0028173
0.0028093
0.0028013
0.0027934
0.0027855
0.0027776
0.0027698
0.002762
0.0027541
0.0027464
0.0027386
0.0027308
0.0027231
0.0027154
0.0027077
0.0027001
0.0026924
0.0026848
0.0026772
0.0026697
0.0026621
0.0026546
0.0026471
0.0026396
0.0026321
0.0026247
0.0026173
0.0026099
0.0026025
0.0025951
0.0025878
0.0025805
0.0025732
0.0025659
0.0025586
0.0025514
0.0025442
0.002537
0.0025298
0.0025227
0.0025155
0.0025084
0.0025013
0.0024942
0.0024872
0.0024802
0.0024731
0.0024661
0.0024592
0.0024522
0.0024453
0.0024384
0.0024315
0.0024246
0.0024177
0.0024109
0.0024041
0.0023973
0.0023905
0.0023837
0.002377
0.0023703
0.0023636
0.0023569
0.0023502
0.0023436
0.002337
0.0023303
0.0023238
0.0023172
0.0023106
0.0023041
0.0022976
0.0022911
0.0022846
0.0022781
0.0022717
0.0022653
0.0022589
0.0022525
0.0022461
0.0022398
0.0022334
0.0022271
0.0022208
0.0022145
0.0022083
0.002202
0.0021958
0.0021896
0.0021834
0.0021772
0.0021711
0.0021649
0.0021588
0.0021527
0.0021466
0.0021405
0.0021345
0.0021285
0.0021224
0.0021164
0.0021104
0.0021045
0.0020985
0.0020926
0.0020867
0.0020808
0.0020749
0.002069
0.0020632
0.0020573
0.0020515
0.0020457
0.0020399
0.0020342
0.0020284
0.0020227
0.0020169
0.0020112
0.0020056
0.0019999
0.0019942
0.0019886
0.001983
0.0019774
0.0019718
0.0019662
0.0019606
0.0019551
0.0019496
0.001944
0.0019385
0.0019331
0.0019276
0.0019221
0.0019167
0.0019113
0.0019059
0.0019005
0.0018951
0.0018898
0.0018844
0.0018791
0.0018738
0.0018685
0.0018632
0.0018579
0.0018527
0.0018474
0.0018422
0.001837
0.0018318
0.0018266
0.0018215
0.0018163
0.0018112
0.001806
0.0018009
0.0017958
0.0017908
0.0017857
0.0017806
0.0017756
0.0017706
0.0017656
0.0017606
0.0017556
0.0017506
0.0017457
0.0017408
0.0017358
0.0017309
0.001726
0.0017212
0.0017163
0.0017114
0.0017066
0.0017018
0.001697
0.0016922
0.0016874
0.0016826
0.0016778
0.0016731
0.0016684
0.0016636
0.0016589
0.0016542
0.0016496
0.0016449
0.0016403
0.0016356
0.001631
0.0016264
0.0016218
0.0016172
0.0016126
0.0016081
0.0016035
0.001599
0.0015945
